Name M1: Borussia Dortmund
Name M2: FC Augsburg
Schiedsrichter: Schiedsrichter Frank Willenborg
M1: [ 1 1 1 2 3 4 3 2 1 12]
M2: [ 17 18 16 17 18 18 17 18 16 17 18 18]
letzten 3 Ergebnisse: [[1,1],[2,2],[3,1]]
Spieler M1: [
    Hitz- [10 10 10 11 13 13 7 10 10 10 11 13 13 7 10 10 10 11 13 13 7 10 10 10 11 13 13 7 9 10 11 12 13 43 ],
    Schulz- [10 10 10 11 13 13 7 10 10 10 11 13 13 7 10 10 10 11 13 13 7 10 10 10 11 13 13 7 9 10 11 12 13 43 ],
    Hummels- [10 10 10 11 13 13 7 10 10 10 11 13 13 7 10 10 10 11 13 13 7 10 10 10 11 13 13 7 9 10 11 12 13 43 ],
    Akanji- [10 10 10 11 13 13 7 10 10 10 11 13 13 7 10 10 10 11 13 13 7 10 10 10 11 13 13 7 9 10 11 12 13 43 ],
    Piszczek- [10 10 10 11 13 13 7 10 10 10 11 13 13 7 10 10 10 11 13 13 7 10 10 10 11 13 13 7 9 10 11 12 13 43 ],
    Sancho- [10 10 10 11 13 13 7 10 10 10 11 13 13 7 10 10 10 11 13 13 7 10 10 10 11 13 13 7 9 10 11 12 13 43 ],
    Reus- [10 10 10 11 13 13 7 10 10 10 11 13 13 7 10 10 10 11 13 13 7 10 10 10 11 13 13 7 9 10 11 12 13 43 ],
    Hazard- [10 10 10 11 13 13 7 10 10 10 11 13 13 7 10 10 10 11 13 13 7 10 10 10 11 13 13 7 9 10 11 12 13 43 ],
    Axel Witsel- [10 10 10 11 13 13 7 10 10 10 11 13 13 7 10 10 10 11 13 13 7 10 10 10 11 13 13 7 9 10 11 12 13 43 ],
    Weigl- [10 10 10 11 13 13 7 10 10 10 11 13 13 7 10 10 10 11 13 13 7 10 10 10 11 13 13 7 9 10 11 12 13 43 ],
    Paco Alcacer- [10 10 10 11 13 13 7 10 10 10 11 13 13 7 10 10 10 11 13 13 7 10 10 10 11 13 13 7 9 10 11 12 13 43 ]
]
Spieler M2: [
    Koubek - [10 10 10 11 13 13 7 10 10 10 11 13 13 7 10 10 10 11 13 13 7 10 10 10 11 13 13 7 9 10 11 12 13 43 ]
    Pedersen- [10 10 10 11 13 13 7 10 10 10 11 13 13 7 10 10 10 11 13 13 7 10 10 10 11 13 13 7 9 10 11 12 13 43 ],
    Suchý- [10 10 10 11 13 13 7 10 10 10 11 13 13 7 10 10 10 11 13 13 7 10 10 10 11 13 13 7 9 10 11 12 13 43 ],
    Khedira- [10 10 10 11 13 13 7 10 10 10 11 13 13 7 10 10 10 11 13 13 7 10 10 10 11 13 13 7 9 10 11 12 13 43 ],
    Baier- [10 10 10 11 13 13 7 10 10 10 11 13 13 7 10 10 10 11 13 13 7 10 10 10 11 13 13 7 9 10 11 12 13 43 ],
    Vargas- [10 10 10 11 13 13 7 10 10 10 11 13 13 7 10 10 10 11 13 13 7 10 10 10 11 13 13 7 9 10 11 12 13 43 ],
    Carlos Gruez- [10 10 10 11 13 13 7 10 10 10 11 13 13 7 10 10 10 11 13 13 7 10 10 10 11 13 13 7 9 10 11 12 13 43 ],
    Hahn- [10 10 10 11 13 13 7 10 10 10 11 13 13 7 10 10 10 11 13 13 7 10 10 10 11 13 13 7 9 10 11 12 13 43 ],
    Teigl- [10 10 10 11 13 13 7 10 10 10 11 13 13 7 10 10 10 11 13 13 7 10 10 10 11 13 13 7 9 10 11 12 13 43 ],
    Niederlechne- [10 10 10 11 13 13 7 10 10 10 11 13 13 7 10 10 10 11 13 13 7 10 10 10 11 13 13 7 9 10 11 12 13 43 ],
    Gregoritsch -[10 10 10 11 13 13 7 10 10 10 11 13 13 7 10 10 10 11 13 13 7 10 10 10 11 13 13 7 9 10 11 12 13 43 ]
]
Distanz M1: 0
Distanz M2: 574